cg00050873	0.79878	0.80042	0.815	0.78578	0.79764	0.8022	0.40122	0.38869	0.41433	0.38949	0.85959	0.54095	0.85149	0.84046	0.59761	0.81527	0.60894	0.85273	0.83235	0.81189	0.71886	0.55662	0.82465	0.64759	0.49967	0.46692	0.81963	0.8076	0.82433	0.83744	0.87888	0.8221	0.41182	0.86004	0.86891	0.77252	0.84384	0.54671	0.51039	0.4847	0.88171	0.33103	0.47764	0.87466	0.54254	0.46263	0.84751	0.58589	0.86243	0.64461
cg00212031	0.038359	0.057902	0.05207	0.055856	0.047775	0.22401	0.44863	0.41689	0.49968	0.23129	0.067826	0.37053	0.059699	0.048481	0.47445	0.075132	0.23848	0.10992	0.068411	0.063935	0.32728	0.44877	0.046525	0.50131	0.27661	0.41845	0.075913	0.092223	0.062759	0.067674	0.056752	0.046529	0.55971	0.069337	0.041902	0.38188	0.06691	0.41279	0.44543	0.49801	0.03018	0.38404	0.52088	0.027311	0.47735	0.44851	0.085465	0.53622	0.060679	0.51111
cg00213748	0.80009	0.67941	0.68013	0.72413	0.63555	0.69328	0.36696	0.41086	0.21203	0.43494	0.7875	0.52237	0.69966	0.72601	0.52586	0.66938	0.23167	0.68831	0.60243	0.66652	0.63704	0.5737	0.64509	0.4881	0.57324	0.30568	0.67086	0.60417	0.82764	0.76603	0.74557	0.74127	0.3215	0.79001	0.74047	0.30828	0.77167	0.37129	0.45882	0.52034	0.68	0.39006	0.49637	0.617	0.4186	0.54228	0.59661	0.45007	0.78458	0.51631
cg00214611	0.03366	0.063721	0.052842	0.048707	0.091266	0.070223	0.43103	0.38691	0.48871	0.50529	0.021798	0.47638	0.051802	0.047116	0.53676	0.032406	0.53872	0.061042	0.052681	0.03697	0.034918	0.48375	0.045742	0.53855	0.55001	0.62704	0.049889	0.054322	0.037105	0.044676	0.070209	0.050743	0.53536	0.043557	0.070691	0.30996	0.047999	0.3728	0.42846	0.6872	0.06863	0.44091	0.46638	0.045595	0.54685	0.43487	0.052777	0.4765	0.071232	0.47866
cg00455876	0.74446	0.70052	0.66445	0.68308	0.73804	0.70634	0.3417	0.26827	0.22351	0.29625	0.76543	0.2392	0.73553	0.72208	0.29635	0.72324	0.26813	0.73354	0.77752	0.74955	0.68249	0.40669	0.702	0.39406	0.42026	0.30696	0.67447	0.77643	0.67818	0.69595	0.7238	0.68454	0.38614	0.70054	0.6115	0.29006	0.77118	0.2227	0.30237	0.48886	0.73095	0.24108	0.35938	0.68304	0.28231	0.20874	0.7453	0.3939	0.83817	0.27774
cg01707559	0.10021	0.1463	0.16204	0.10295	0.13707	0.13071	0.39797	0.34514	0.21877	0.25711	0.10237	0.27201	0.12404	0.14556	0.2601	0.23276	0.18722	0.15488	0.089271	0.17466	0.17248	0.27929	0.10093	0.23322	0.30443	0.20879	0.22676	0.23158	0.075572	0.12309	0.10139	0.1402	0.25122	0.14966	0.10707	0.33137	0.1022	0.34858	0.35242	0.35591	0.088782	0.27071	0.23499	0.24686	0.3198	0.25043	0.31015	0.21858	0.18411	0.55225
cg02004872	0.03406	0.036346	0.048042	0.017725	0.046911	0.027216	0.40946	0.4716	0.12082	0.23158	0.02325	0.24445	0.019498	0.022282	0.26076	0.032199	0.1715	0.035711	0.031337	0.037402	0.036343	0.20839	0.019232	0.30344	0.35605	0.1743	0.037429	0.045198	0.022481	0.012396	0.029166	0.028222	0.23032	0.024865	0.021906	0.18589	0.01448	0.22006	0.23277	0.31888	0.059787	0.13136	0.13828	0.014742	0.14405	0.10961	0.023967	0.15319	0.031101	0.30142
cg02011394	0.96332	0.95248	0.95877	0.94607	0.94774	0.97507	0.46656	0.41361	0.41577	0.44162	0.97825	0.264	0.97378	0.97042	0.58661	0.98183	0.60176	0.96596	0.9627	0.97203	0.91284	0.53127	0.97373	0.66955	0.545	0.47173	0.9684	0.96512	0.97149	0.97555	0.96884	0.96462	0.43807	0.97904	0.98439	0.74308	0.96046	0.43682	0.28404	0.44879	0.98333	0.53862	0.5949	0.97804	0.56048	0.4487	0.97384	0.64061	0.96121	0.59193
cg02050847	0.92618	0.95399	0.94191	0.95458	0.95009	0.94525	0.56138	0.34019	0.24839	0.17058	0.95937	0.43774	0.95632	0.96207	0.52429	0.96983	0.35869	0.951	0.96909	0.95636	0.95931	0.48133	0.97083	0.55205	0.50473	0.49657	0.9464	0.94791	0.96945	0.97299	0.96221	0.95573	0.39984	0.96705	0.97347	0.32846	0.9656	0.34622	0.34915	0.37216	0.97107	0.40153	0.29324	0.96677	0.19699	0.3381	0.96963	0.26791	0.97422	0.35491
cg02233190	0.04245	0.07836	0.064936	0.046831	0.059279	0.031419	0.35791	0.42433	0.35301	0.43383	0.096206	0.39543	0.047235	0.027694	0.27747	0.20294	0.14016	0.11826	0.072311	0.046518	0.032038	0.40396	0.091473	0.39308	0.40664	0.35807	0.037721	0.094774	0.044867	0.070673	0.024977	0.050576	0.28481	0.029159	0.033684	0.18967	0.0194	0.24815	0.28581	0.17972	0.035234	0.21817	0.16358	0.018993	0.2541	0.19199	0.039599	0.20613	0.037795	0.38058
cg02494853	0.062628	0.094651	0.064557	0.074475	0.074072	0.062672	0.11143	0.10668	0.1373	0.11012	0.071087	0.1212	0.061066	0.059749	0.10853	0.13385	0.077492	0.089261	0.072173	0.11192	0.075392	0.051365	0.072104	0.21392	0.12441	0.078503	0.10699	0.099855	0.043427	0.085655	0.069067	0.061259	0.083799	0.05457	0.0685	0.041292	0.050596	0.046711	0.062535	0.10426	0.030835	0.06072	0.07477	0.12223	0.097111	0.059207	0.22973	0.043649	0.080342	0.075639
cg02839557	0.097487	0.084514	0.10957	0.058023	0.06918	0.060634	0.45644	0.55007	0.44205	0.4252	0.047716	0.6495	0.076387	0.076695	0.49093	0.13598	0.45875	0.078553	0.083005	0.09895	0.23287	0.34419	0.059573	0.38526	0.35985	0.43051	0.093806	0.13905	0.045304	0.054739	0.079273	0.084592	0.34884	0.07297	0.084245	0.52799	0.058734	0.43169	0.36705	0.4664	0.16625	0.09215	0.49014	0.069231	0.36287	0.41803	0.13963	0.28055	0.11472	0.46368
cg02842889	0.02853	0.03179	0.062755	0.049053	0.039013	0.044867	0.47091	0.38397	0.41907	0.42316	0.026755	0.4036	0.056287	0.024583	0.37986	0.029954	0.6086	0.070678	0.055261	0.038548	0.06628	0.57433	0.038124	0.43262	0.58253	0.58779	0.048793	0.069876	0.029257	0.034823	0.056824	0.04207	0.3352	0.037413	0.03775	0.51295	0.044351	0.39145	0.56613	0.57891	0.052499	0.5032	0.51109	0.036094	0.59172	0.55014	0.065142	0.33056	0.05098	0.50887
cg03052502	0.97133	0.95075	0.95893	0.95938	0.9695	0.9515	0.44095	0.40728	0.41986	0.4451	0.97538	0.38926	0.9736	0.97496	0.56576	0.97957	0.24655	0.97233	0.97212	0.97916	0.97415	0.48819	0.97219	0.60017	0.35879	0.47762	0.9737	0.97622	0.97182	0.98556	0.97191	0.96973	0.38946	0.97384	0.97918	0.62483	0.983	0.48185	0.50928	0.58348	0.98088	0.57883	0.45591	0.98098	0.50093	0.42474	0.97891	0.39818	0.98124	0.42095
cg03155755	0.92601	0.91466	0.91471	0.90998	0.90547	0.924	0.37469	0.36862	0.44752	0.50208	0.94209	0.45749	0.92059	0.93913	0.41573	0.92713	0.46074	0.93636	0.92956	0.92232	0.92973	0.42326	0.91884	0.45157	0.40329	0.52886	0.91855	0.91929	0.91956	0.93573	0.94121	0.92045	0.55059	0.95121	0.92886	0.53231	0.95187	0.45642	0.75993	0.49853	0.95242	0.53885	0.50343	0.95049	0.48048	0.5559	0.95165	0.50559	0.94399	0.59754
cg03244189	0.18995	0.12061	0.13899	0.15973	0.11207	0.33549	0.4685	0.42918	0.20938	0.13323	0.091946	0.1541	0.15025	0.10539	0.075484	0.17428	0.11049	0.2018	0.11387	0.18449	0.4036	0.23141	0.099806	0.2127	0.25234	0.20708	0.22806	0.14197	0.08696	0.14887	0.12748	0.10057	0.19791	0.14148	0.1678	0.31459	0.13727	0.19766	0.33888	0.30511	0.15844	0.23218	0.24365	0.11387	0.34551	0.287	0.30407	0.26029	0.2076	0.44526
cg03443143	0.85794	0.86106	0.85505	0.87049	0.87207	0.88795	0.47304	0.4853	0.43998	0.38019	0.90873	0.40187	0.90075	0.88487	0.53699	0.88484	0.42468	0.91005	0.90444	0.86865	0.84662	0.58348	0.89535	0.65698	0.4482	0.43548	0.87668	0.88346	0.89375	0.86802	0.92159	0.891	0.60042	0.90554	0.91306	0.66425	0.90191	0.42922	0.44905	0.63288	0.91237	0.48073	0.39103	0.92087	0.47889	0.38898	0.89587	0.57302	0.90702	0.46286
cg03683899	0.044256	0.046086	0.069943	0.032338	0.076394	0.055788	0.52129	0.55915	0.12153	0.30805	0.035742	0.31878	0.031304	0.04	0.34057	0.017699	0.39087	0.051524	0.055442	0.034658	0.063471	0.60102	0.039027	0.41234	0.45034	0.58749	0.066761	0.053486	0.030742	0.020856	0.049734	0.025389	0.52016	0.021542	0.0056173	0.34322	0.031825	0.31969	0.32196	0.41661	0.055816	0.31371	0.30323	0.024624	0.39947	0.30393	0.031191	0.4349	0.044565	0.2931
cg03695421	0.61108	0.76636	0.61718	0.63926	0.60566	0.49703	0.47985	0.39773	0.32308	0.40948	0.71867	0.29054	0.64972	0.69494	0.3427	0.7389	0.24233	0.70121	0.71718	0.71123	0.74827	0.44378	0.70801	0.33291	0.324	0.19071	0.71599	0.65812	0.69179	0.60242	0.69878	0.68374	0.31979	0.74769	0.77482	0.34584	0.78107	0.40319	0.51777	0.51769	0.74316	0.41064	0.42647	0.80986	0.37772	0.32653	0.8098	0.41678	0.83447	0.52822
cg03706273	0.097074	0.080418	0.10709	0.079049	0.061486	0.076229	0.14519	0.17902	0.26773	0.15805	0.077382	0.18774	0.078091	0.061093	0.18855	0.15285	0.133	0.084495	0.079586	0.14287	0.071045	0.07774	0.061582	0.17523	0.22447	0.15562	0.1285	0.14204	0.064441	0.091186	0.077409	0.08619	0.1279	0.052077	0.087648	0.099277	0.05987	0.10333	0.16265	0.16172	0.091676	0.067275	0.11924	0.040389	0.25199	0.075902	0.16031	0.11279	0.10739	0.15099
cg03750315	0.051768	0.080771	0.081629	0.096206	0.093523	0.074745	0.40086	0.47609	0.22166	0.4058	0.10118	0.36581	0.060209	0.047628	0.4396	0.16805	0.5327	0.12024	0.064516	0.066179	0.054711	0.53941	0.14731	0.40058	0.49893	0.55723	0.049675	0.090405	0.052111	0.029171	0.059862	0.068233	0.2302	0.065836	0.16439	0.39075	0.039701	0.52902	0.35227	0.4663	0.066661	0.39962	0.47885	0.044223	0.38756	0.57409	0.10423	0.46847	0.070195	0.64401
cg03767353	0.46459	0.36398	0.43882	0.84658	0.34187	0.65532	0.53479	0.62094	0.48938	0.40313	0.56853	0.49061	0.46036	0.52351	0.48395	0.75546	0.44438	0.67795	0.57614	0.57066	0.72788	0.53597	0.51666	0.42447	0.52927	0.47395	0.50964	0.58242	0.60142	0.58253	0.58958	0.73707	0.44193	0.67284	0.50465	0.47345	0.65038	0.56337	0.30492	0.57281	0.32153	0.47189	0.48033	0.52349	0.34921	0.57028	0.66385	0.44562	0.51258	0.64423
cg04016144	0.95467	0.93351	0.95461	0.97287	0.93164	0.91128	0.4171	0.42011	0.39559	0.35518	0.96477	0.35742	0.92355	0.96112	0.51941	0.96063	0.53506	0.9569	0.93899	0.93986	0.95796	0.53098	0.96059	0.7329	0.39006	0.44601	0.95495	0.94668	0.96045	0.94958	0.9401	0.90774	0.44326	0.96248	0.96954	0.68934	0.9508	0.51864	0.48352	0.44188	0.96848	0.43887	0.47122	0.96755	0.48545	0.41116	0.95507	0.44916	0.96257	0.49769
cg04023335	0.5189	0.57969	0.55936	0.53204	0.43435	0.59971	0.16798	0.23231	0.12523	0.11856	0.62493	0.11833	0.57931	0.58479	0.14218	0.59893	0.14757	0.59806	0.57363	0.57995	0.64372	0.15305	0.55506	0.16425	0.16747	0.10124	0.61328	0.63723	0.58986	0.55497	0.63444	0.62229	0.1193	0.66334	0.62404	0.1065	0.59413	0.17567	0.077616	0.1598	0.7045	0.1605	0.0922	0.5944	0.15927	0.1883	0.56966	0.1258	0.61451	0.15687
cg04042030	0.072525	0.070916	0.071847	0.044198	0.056201	0.054193	0.48716	0.4664	0.35462	0.30497	0.043677	0.51426	0.046941	0.050703	0.37445	0.081979	0.54115	0.078179	0.050385	0.065307	0.12121	0.53314	0.036907	0.38724	0.39169	0.42558	0.096996	0.095875	0.028153	0.0725	0.051614	0.051809	0.44734	0.030411	0.032849	0.52376	0.035811	0.45563	0.4547	0.54736	0.038396	0.43351	0.4395	0.093892	0.63866	0.5898	0.084299	0.31704	0.062964	0.55287
cg04303809	0.070643	0.08724	0.10238	0.0935	0.096801	0.10152	0.44802	0.44653	0.35718	0.38966	0.070609	0.43164	0.067904	0.084584	0.40197	0.083464	0.2509	0.11124	0.069967	0.088021	0.074556	0.30317	0.082094	0.36634	0.4863	0.42857	0.14738	0.1303	0.054581	0.08648	0.068185	0.058597	0.33281	0.085671	0.092815	0.44684	0.10917	0.48767	0.52718	0.53932	0.093887	0.49454	0.4879	0.080956	0.47898	0.58176	0.16993	0.38016	0.090705	0.53951
cg04448376	0.067212	0.090753	0.1238	0.066468	0.095492	0.14428	0.38426	0.29026	0.53438	0.43217	0.067282	0.3079	0.022593	0.0661	0.42993	0.068091	0.57563	0.079204	0.048326	0.075784	0.074771	0.55312	0.080347	0.36191	0.43008	0.30141	0.098105	0.10373	0.072255	0.060266	0.080388	0.064309	0.45217	0.052916	0.11022	0.52107	0.069217	0.43273	0.3168	0.35283	0.10967	0.36983	0.29029	0.11373	0.33333	0.5462	0.056812	0.31145	0.085327	0.52241
cg04462340	0.90542	0.92827	0.9025	0.87049	0.85257	0.84412	0.84057	0.85832	0.97206	0.8278	0.94366	0.89273	0.91661	0.92241	0.84391	0.94181	0.89978	0.92723	0.93257	0.93968	0.89534	0.83237	0.94813	0.85391	0.83307	0.84668	0.90668	0.91719	0.93932	0.90775	0.9433	0.9113	0.84423	0.92356	0.9431	0.88628	0.90484	0.84587	0.91812	0.83647	0.94314	0.9174	0.8683	0.9554	0.9123	0.9269	0.91103	0.92079	0.96719	0.86462
cg04689676	0.05327	0.051511	0.052636	0.057263	0.045017	0.055374	0.42265	0.38157	0.10194	0.051123	0.037283	0.081408	0.038013	0.047595	0.19439	0.024398	0.10066	0.069992	0.046321	0.039644	0.059728	0.13997	0.046001	0.16039	0.16047	0.098834	0.040435	0.058831	0.025959	0.049148	0.069125	0.036431	0.12628	0.035783	0.058816	0.073232	0.034359	0.21592	0.24137	0.20344	0.078329	0.18138	0.0953	0.045121	0.19808	0.10742	0.060324	0.15523	0.058312	0.25508
cg04792227	0.16098	0.18343	0.22265	0.22463	0.091967	0.14142	0.34974	0.38355	0.17913	0.21418	0.12165	0.20486	0.19554	0.19132	0.23017	0.3042	0.19708	0.32387	0.1302	0.35973	0.10012	0.29523	0.12899	0.32801	0.22257	0.17212	0.27781	0.33442	0.25486	0.33419	0.11192	0.21729	0.21403	0.31968	0.23218	0.14035	0.21478	0.29982	0.23332	0.31676	0.11859	0.19704	0.36155	0.28767	0.42544	0.30758	0.16894	0.21817	0.14977	0.29414
cg04840163	0.096789	0.1086	0.10549	0.11629	0.11466	0.11841	0.45833	0.52823	0.51641	0.47349	0.10286	0.43332	0.097308	0.084033	0.32146	0.068598	0.52939	0.09813	0.098013	0.078546	0.10669	0.36712	0.082473	0.55079	0.67554	0.46566	0.10338	0.11303	0.075687	0.071976	0.086576	0.093238	0.44157	0.086754	0.13795	0.37282	0.1192	0.47189	0.51259	0.60718	0.16149	0.33838	0.57335	0.15394	0.50388	0.4078	0.12123	0.43704	0.128	0.47858
cg04964672	0.89146	0.89331	0.88699	0.86824	0.86536	0.83818	0.73421	0.75457	0.67971	0.67421	0.91559	0.69657	0.86986	0.86263	0.61425	0.90446	0.66423	0.91323	0.89636	0.89785	0.87233	0.69038	0.87956	0.61583	0.6355	0.57904	0.87446	0.88302	0.86582	0.88156	0.91014	0.87659	0.62629	0.92045	0.91566	0.56244	0.90467	0.66176	0.63002	0.62714	0.89656	0.50455	0.64968	0.89884	0.65315	0.58746	0.9241	0.58145	0.9241	0.67788
cg05213048	0.68123	0.62384	0.70357	0.6584	0.61199	0.76029	0.62455	0.79471	0.58314	0.63494	0.7009	0.56755	0.76428	0.75501	0.64942	0.75075	0.6338	0.76651	0.72076	0.85865	0.83078	0.59128	0.69055	0.76768	0.73211	0.6564	0.77661	0.84282	0.69478	0.72557	0.78487	0.68699	0.52414	0.75569	0.81802	0.79994	0.7112	0.6697	0.60983	0.6899	0.85247	0.62797	0.60563	0.86363	0.64647	0.61324	0.78852	0.65418	0.80768	0.66472
cg05230942	0.55469	0.66436	0.78357	0.70119	0.70063	0.67978	0.39309	0.37186	0.24568	0.43496	0.72002	0.43778	0.72008	0.67677	0.33588	0.72878	0.4748	0.74708	0.72539	0.75002	0.76805	0.60428	0.69494	0.47356	0.40499	0.3157	0.74974	0.70515	0.71931	0.84051	0.70123	0.59504	0.43031	0.67888	0.7392	0.42887	0.73786	0.44546	0.41395	0.31572	0.78782	0.50312	0.3957	0.73404	0.53337	0.38741	0.74431	0.31536	0.761	0.52967
cg05480730	0.034292	0.040506	0.027217	0.024829	0.031358	0.027593	0.42579	0.36449	0.39292	0.23553	0.01185	0.18625	0.028343	0.028425	0.31757	0.025954	0.29205	0.053402	0.025784	0.0055693	0.029156	0.46137	0.016865	0.40964	0.26286	0.20601	0.028549	0.036312	0.019264	0.016898	0.045042	0.036763	0.42977	0.024557	0.013913	0.29806	0.025612	0.54325	0.48449	0.42924	0.056636	0.33969	0.20707	0.038143	0.35813	0.41044	0.038534	0.22953	0.021372	0.43609
cg05544622	0.93572	0.93321	0.94605	0.93973	0.93959	0.95217	0.50955	0.38165	0.4704	0.43793	0.96098	0.30376	0.9596	0.96273	0.52665	0.97515	0.46313	0.95427	0.94802	0.96314	0.94593	0.51029	0.9712	0.56718	0.43278	0.4998	0.95414	0.96466	0.96429	0.97637	0.96778	0.94956	0.3089	0.96958	0.97596	0.74799	0.96055	0.42474	0.61064	0.62212	0.97434	0.36159	0.46667	0.95797	0.38787	0.43166	0.94841	0.56863	0.96648	0.52332
cg05621349	0.060977	0.036209	0.05152	0.052141	0.054508	0.075584	0.47095	0.38167	0.18634	0.42669	0.035196	0.43938	0.026736	0.032671	0.36551	0.02245	0.31049	0.040675	0.03101	0.035121	0.043421	0.46082	0.024921	0.47757	0.23513	0.45233	0.043311	0.053355	0.044951	0.032887	0.035234	0.037297	0.47132	0.040745	0.04055	0.37977	0.039571	0.34643	0.50232	0.4253	0.044863	0.47012	0.42047	0.058446	0.48836	0.25194	0.062289	0.39358	0.04453	0.45864
cg05865243	0.97909	0.94208	0.95864	0.97012	0.9642	0.96167	0.49566	0.63605	0.18199	0.087895	0.97875	0.56225	0.98025	0.97721	0.44138	0.98556	0.5216	0.97595	0.98329	0.97444	0.9652	0.70852	0.97793	0.65398	0.43417	0.31461	0.97996	0.97163	0.97994	0.97653	0.97704	0.98439	0.55592	0.98252	0.97874	0.80666	0.9739	0.48395	0.52395	0.63924	0.98216	0.31413	0.54868	0.97934	0.58965	0.5913	0.98108	0.45101	0.97335	0.72136
cg05890011	0.03648	0.070245	0.071687	0.03901	0.10257	0.082061	0.38666	0.57785	0.12298	0.30429	0.037288	0.26118	0.039073	0.042719	0.43876	0.014675	0.41658	0.060321	0.025004	0.032358	0.044409	0.31607	0.047042	0.43672	0.358	0.29427	0.054522	0.055971	0.021344	0.025891	0.061385	0.023736	0.30336	0.019143	0.026479	0.53823	0.023345	0.47197	0.58868	0.24739	0.027683	0.4493	0.50607	0.041845	0.53255	0.47789	0.033375	0.46547	0.052431	0.4663
cg06322277	0.88566	0.86613	0.8656	0.86758	0.81524	0.8694	0.27831	0.3343	0.50999	0.20265	0.89768	0.22477	0.89856	0.90256	0.43997	0.90265	0.3532	0.93698	0.89672	0.85806	0.57279	0.43712	0.89294	0.38132	0.57303	0.39103	0.86558	0.906	0.91366	0.94011	0.92379	0.91764	0.43763	0.87922	0.9062	0.42269	0.90576	0.46277	0.56125	0.40499	0.807	0.28101	0.45159	0.86423	0.34822	0.37676	0.88636	0.33734	0.92911	0.42693
cg06479204	0.10976	0.13574	0.1259	0.10705	0.10805	0.10273	0.46872	0.41316	0.33364	0.18637	0.086757	0.4626	0.088459	0.091159	0.35971	0.092378	0.31865	0.10165	0.086664	0.096247	0.086164	0.55174	0.075493	0.33303	0.45416	0.45854	0.10043	0.10323	0.080546	0.089226	0.086283	0.077033	0.28459	0.090012	0.11737	0.35351	0.11781	0.45621	0.35122	0.50288	0.10836	0.34295	0.48942	0.10123	0.4145	0.35018	0.12017	0.45263	0.12099	0.48372
cg07731488	0.066322	0.040441	0.043097	0.040086	0.036006	0.13898	0.52071	0.38616	0.4759	0.48569	0.016186	0.36853	0.023542	0.02309	0.31171	0.039283	0.40061	0.053108	0.026214	0.023056	0.022037	0.4784	0.028485	0.37782	0.42898	0.16391	0.01404	0.032785	0.070027	0.024338	0.024948	0.018813	0.24605	0.020375	0.0069479	0.24446	0.012082	0.2775	0.56739	0.42313	0.017898	0.40668	0.5239	0.017868	0.43506	0.42569	0.021174	0.3795	0.030776	0.47162
cg07747963	0.83115	0.81321	0.77766	0.75212	0.81557	0.78614	0.42486	0.36409	0.22309	0.44073	0.86571	0.47259	0.73644	0.83386	0.51962	0.88949	0.37138	0.82304	0.85663	0.8153	0.84579	0.2115	0.81787	0.53042	0.43399	0.4117	0.79211	0.81448	0.812	0.82612	0.81398	0.88222	0.40119	0.85352	0.83612	0.28821	0.86395	0.40195	0.43493	0.31216	0.88033	0.25103	0.44698	0.89147	0.68738	0.44995	0.87448	0.40974	0.88787	0.49693
cg07939587	0.43873	0.34955	0.37823	0.77063	0.24401	0.6138	0.31361	0.26316	0.52196	0.57435	0.56539	0.49972	0.46339	0.54003	0.38824	0.78712	0.4349	0.72477	0.58231	0.55809	0.61526	0.6226	0.45994	0.45967	0.44946	0.60381	0.54292	0.55271	0.58362	0.56802	0.57745	0.70976	0.43548	0.65472	0.39962	0.40752	0.64832	0.14959	0.42889	0.49756	0.18641	0.36159	0.52874	0.60641	0.45437	0.32992	0.61289	0.50035	0.62324	0.324
cg08242338	0.9785	0.96647	0.95325	0.9588	0.96286	0.93523	0.40946	0.51337	0.19213	0.4685	0.97511	0.44438	0.96921	0.98241	0.55817	0.97936	0.34079	0.9694	0.98243	0.95316	0.987	0.21682	0.98195	0.82035	0.60329	0.51327	0.96244	0.96605	0.97669	0.97728	0.95891	0.9832	0.4439	0.97789	0.97602	0.73397	0.97057	0.52101	0.50501	0.35333	0.98382	0.60816	0.41987	0.9806	0.60959	0.54002	0.98054	0.36053	0.97677	0.68664
cg08265308	0.87445	0.84876	0.78137	0.77365	0.7674	0.81145	0.45248	0.46378	0.3827	0.20318	0.90763	0.35208	0.84355	0.83564	0.27526	0.87018	0.34829	0.84081	0.82624	0.85005	0.78272	0.3049	0.8549	0.28983	0.36247	0.22522	0.77686	0.85739	0.84686	0.87555	0.7805	0.88488	0.34146	0.87225	0.7941	0.46715	0.8807	0.32538	0.34248	0.42912	0.82137	0.21599	0.54888	0.83863	0.56522	0.46031	0.77211	0.34126	0.83264	0.60725
cg08921682	0.32569	0.37124	0.47781	0.35372	0.44724	0.30891	0.45177	0.20128	0.5398	0.35473	0.46301	0.41886	0.36188	0.39402	0.32448	0.43648	0.41812	0.48645	0.37065	0.37209	0.22552	0.38844	0.44112	0.4888	0.36986	0.35113	0.39646	0.43034	0.4489	0.41632	0.47142	0.3805	0.40776	0.49499	0.54386	0.41788	0.48175	0.51086	0.3864	0.67161	0.35358	0.62269	0.50842	0.60143	0.55378	0.60612	0.33503	0.64005	0.32513	0.56142
cg09350919	0.96024	0.94254	0.94389	0.96186	0.94588	0.95804	0.47556	0.41459	0.27914	0.41356	0.97143	0.46611	0.97263	0.95723	0.3	0.97257	0.41824	0.97168	0.95239	0.96417	0.94753	0.40055	0.9694	0.47562	0.32282	0.38782	0.97002	0.96759	0.96401	0.9719	0.97399	0.95779	0.39725	0.97217	0.97691	0.59222	0.95856	0.48172	0.52878	0.58419	0.97818	0.4704	0.41388	0.97634	0.50873	0.64175	0.97384	0.4375	0.96497	0.39361
cg09460641	0.94843	0.93044	0.91997	0.93199	0.92516	0.93871	0.38744	0.41547	0.40654	0.5261	0.96118	0.25366	0.93972	0.94058	0.57156	0.93971	0.3441	0.9435	0.92991	0.94924	0.94411	0.53265	0.93885	0.55684	0.37946	0.34272	0.93589	0.92646	0.93341	0.94825	0.95718	0.94234	0.4067	0.94972	0.94462	0.72274	0.93146	0.31445	0.15522	0.53269	0.93825	0.37876	0.29535	0.94431	0.32372	0.24201	0.94099	0.33313	0.94499	0.46604
cg09856092	0.018911	0.048504	0.038141	0.038882	0.045357	0.024994	0.42273	0.47144	0.29865	0.25962	0.012656	0.55171	0.020879	0.027151	0.39134	0.013072	0.51807	0.024833	0.019529	0.019334	0.018685	0.53911	0.020259	0.46008	0.45708	0.36702	0.028389	0.024962	0.02035	0.020128	0.030194	0.015063	0.41708	0.03383	0.061542	0.30898	0.031203	0.44947	0.50342	0.72734	0.044248	0.50339	0.58772	0.046453	0.51825	0.52818	0.058531	0.53705	0.062595	0.56391
cg10076560	0.25656	0.27878	0.22328	0.21625	0.22151	0.30047	0.41206	0.49919	0.2822	0.28396	0.21162	0.39887	0.22108	0.2206	0.42289	0.21672	0.35156	0.21876	0.24316	0.22534	0.21244	0.43476	0.20754	0.49225	0.39754	0.31715	0.21087	0.23493	0.22524	0.18865	0.18442	0.21647	0.41451	0.23337	0.2818	0.49503	0.25171	0.48656	0.51086	0.50459	0.2738	0.4525	0.49305	0.26672	0.52664	0.47967	0.31466	0.50586	0.27202	0.55466
cg10213302	0.11284	0.13016	0.11558	0.13478	0.081267	0.12901	0.65055	0.47661	0.55307	0.5674	0.096015	0.74501	0.13871	0.12809	0.55062	0.083168	0.614	0.10888	0.077177	0.11641	0.19328	0.632	0.10989	0.53343	0.56051	0.47335	0.13638	0.14798	0.10989	0.12096	0.13688	0.1164	0.58253	0.13195	0.17584	0.65567	0.14769	0.74689	0.59019	0.59026	0.16315	0.64096	0.5648	0.1455	0.56888	0.62556	0.18279	0.54068	0.17132	0.64172
cg10252249	0.93095	0.95194	0.94791	0.92442	0.94897	0.93542	0.44314	0.46857	0.56422	0.45452	0.94473	0.48189	0.9593	0.94881	0.57412	0.96189	0.76415	0.95668	0.96462	0.9675	0.94683	0.57964	0.95078	0.60906	0.52814	0.6204	0.94695	0.96426	0.9719	0.94611	0.96238	0.94288	0.48846	0.96183	0.97101	0.70113	0.96481	0.53633	0.62136	0.55582	0.96709	0.45244	0.71008	0.9627	0.60752	0.60938	0.9615	0.56783	0.93961	0.63247
cg10267609	0.96246	0.95463	0.94237	0.95728	0.94927	0.95101	0.33579	0.45093	0.22163	0.37008	0.97045	0.48172	0.95395	0.94002	0.375	0.96271	0.40412	0.95576	0.94254	0.9541	0.95439	0.49175	0.95689	0.45802	0.41277	0.31807	0.94669	0.94175	0.95015	0.95728	0.95433	0.93969	0.45757	0.95829	0.95572	0.73367	0.95537	0.49211	0.50859	0.49713	0.95798	0.50423	0.35496	0.95624	0.56875	0.54283	0.95141	0.46102	0.96139	0.48871
cg10363397	0.92345	0.67019	0.89721	0.82802	0.80413	0.93639	0.53303	0.45449	0.25344	0.49726	0.9172	0.42797	0.9351	0.95296	0.34201	0.94599	0.31198	0.94154	0.87773	0.93944	0.83837	0.31676	0.86317	0.51201	0.4022	0.16142	0.94569	0.92577	0.92195	0.93761	0.94703	0.93395	0.33474	0.86574	0.9538	0.4386	0.91378	0.45054	0.37387	0.44403	0.92903	0.6875	0.54439	0.91912	0.34434	0.3608	0.90148	0.34787	0.95099	0.48631
cg10698069	0.061602	0.12396	0.064591	0.13322	0.12362	0.12612	0.58843	0.52194	0.52164	0.35116	0.044589	0.49852	0.090615	0.044343	0.50901	0.032263	0.4061	0.071741	0.07717	0.051755	0.084254	0.4164	0.06061	0.44041	0.44351	0.42298	0.095537	0.082935	0.018945	0.023785	0.050172	0.064075	0.40924	0.086292	0.085479	0.52254	0.079945	0.38227	0.55773	0.46166	0.10418	0.63148	0.48687	0.098726	0.61455	0.58466	0.14476	0.41356	0.062393	0.53875
cg10841270	0.76559	0.76351	0.72306	0.72117	0.72882	0.68596	0.49671	0.43552	0.52638	0.44636	0.83937	0.49743	0.78656	0.84672	0.37376	0.77021	0.46253	0.82364	0.77245	0.82939	0.79205	0.58923	0.77376	0.48022	0.42441	0.46769	0.77503	0.8458	0.82516	0.82392	0.77287	0.72311	0.40913	0.719	0.7458	0.25553	0.80049	0.44438	0.47498	0.47615	0.72662	0.47919	0.54627	0.82791	0.46284	0.50333	0.72134	0.38413	0.86692	0.61581
cg11131351	0.71243	0.66071	0.69855	0.76502	0.69471	0.73565	0.49562	0.49964	0.45753	0.44007	0.73225	0.72467	0.75494	0.71097	0.40388	0.7611	0.29811	0.66576	0.76449	0.75825	0.78912	0.45042	0.58654	0.57167	0.45767	0.4015	0.75755	0.70379	0.76152	0.73264	0.60496	0.66543	0.46764	0.7881	0.6524	0.4405	0.59959	0.4336	0.44595	0.42394	0.73897	0.43051	0.48338	0.67686	0.28512	0.49344	0.6412	0.37605	0.72745	0.68215
cg13268984	0.051765	0.050049	0.097364	0.050239	0.036638	0.053839	0.41209	0.4494	0.45018	0.28477	0.022739	0.27736	0.084943	0.040594	0.31426	0.058256	0.32594	0.070399	0.052465	0.068434	0.046325	0.4788	0.048351	0.39027	0.47159	0.29884	0.040132	0.07615	0.0206	0.045405	0.062807	0.060649	0.54796	0.026806	0.037227	0.30417	0.028821	0.30432	0.33464	0.26098	0.027816	0.20394	0.26964	0.087546	0.37804	0.29391	0.045782	0.25897	0.060007	0.49466
cg13851368	0.81315	0.81798	0.80548	0.79997	0.77061	0.75012	0.41433	0.47108	0.50572	0.54768	0.89044	0.52863	0.87639	0.90078	0.4588	0.89334	0.4242	0.8863	0.86122	0.85622	0.89436	0.3331	0.8599	0.54912	0.51019	0.46719	0.88146	0.87872	0.85574	0.81107	0.87982	0.78388	0.39912	0.88767	0.90188	0.41746	0.89656	0.45346	0.54418	0.548	0.75555	0.27458	0.42178	0.89145	0.53407	0.44592	0.88282	0.46173	0.88979	0.5616
cg14180491	0.083196	0.06425	0.086986	0.071635	0.072031	0.067403	0.48042	0.46843	0.3305	0.57762	0.094812	0.57251	0.072756	0.090378	0.49526	0.059465	0.55004	0.091701	0.087816	0.09124	0.090916	0.61119	0.076698	0.45234	0.6115	0.46381	0.085193	0.094505	0.076986	0.072955	0.087099	0.08049	0.56555	0.078809	0.091607	0.57351	0.06083	0.59055	0.5128	0.56934	0.066549	0.53925	0.66121	0.086622	0.60135	0.58133	0.10581	0.50411	0.092725	0.61668
cg14210405	0.43226	0.58556	0.30898	0.45073	0.38833	0.40407	0.42458	0.33054	0.26688	0.22694	0.5396	0.22768	0.37204	0.40378	0.21856	0.42387	0.21779	0.3745	0.48077	0.43419	0.4868	0.29467	0.39929	0.32431	0.33868	0.21646	0.52331	0.54711	0.357	0.40274	0.32003	0.3564	0.33201	0.56727	0.74296	0.2473	0.44868	0.2589	0.34949	0.26019	0.46514	0.1803	0.21525	0.47982	0.34688	0.24411	0.53887	0.29979	0.67652	0.33469
cg14466580	0.94124	0.93084	0.96376	0.93851	0.95572	0.94594	0.50332	0.41023	0.3913	0.63593	0.97324	0.56465	0.96881	0.96568	0.56347	0.96651	0.63734	0.97677	0.95419	0.94525	0.94791	0.44639	0.95297	0.53187	0.43389	0.44513	0.94763	0.95096	0.95111	0.95263	0.96332	0.93486	0.48083	0.93918	0.93118	0.57207	0.95037	0.56933	0.42315	0.61114	0.9638	0.37988	0.52665	0.92585	0.44644	0.62538	0.96106	0.34993	0.96389	0.51249
cg14741114	0.04155	0.03938	0.06286	0.032404	0.050891	0.06778	0.42415	0.38352	0.36483	0.31252	0.014162	0.45115	0.031285	0.031596	0.34275	0.022994	0.23872	0.050724	0.027993	0.028036	0.036048	0.47779	0.041571	0.44011	0.44554	0.35381	0.035037	0.050408	0.016007	0.02337	0.023227	0.028937	0.38285	0.015077	0.036175	0.31648	0.016917	0.51163	0.51303	0.53364	0.037208	0.45654	0.5595	0.031838	0.41707	0.532	0.027122	0.47969	0.042208	0.44664
cg15027426	0.28125	0.29736	0.26162	0.31957	0.2461	0.21699	0.41816	0.30721	0.20811	0.32593	0.32027	0.3198	0.28739	0.21817	0.2611	0.26461	0.22654	0.29527	0.25405	0.27577	0.15246	0.22051	0.22444	0.30808	0.36974	0.24336	0.24185	0.28198	0.31685	0.31903	0.29055	0.25792	0.22504	0.49096	0.23298	0.2784	0.24299	0.2397	0.34916	0.47096	0.10227	0.2627	0.19826	0.14323	0.21318	0.25997	0.42545	0.21724	0.24312	0.30719
cg15295597	0.070059	0.091012	0.086798	0.090006	0.073244	0.078368	0.10838	0.10419	0.14005	0.15794	0.076114	0.13623	0.061422	0.048996	0.11303	0.13481	0.086806	0.095839	0.078295	0.1132	0.094024	0.061071	0.071315	0.18227	0.12922	0.095424	0.12829	0.094947	0.064405	0.093231	0.072008	0.064506	0.089526	0.073106	0.074788	0.05586	0.060706	0.10649	0.11098	0.17676	0.046188	0.10535	0.12476	0.10709	0.1765	0.066957	0.23942	0.059488	0.08342	0.0992
cg15329860	0.11671	0.096334	0.076274	0.11088	0.12915	0.11245	0.4539	0.54803	0.54406	0.381	0.043205	0.35514	0.061081	0.056131	0.39612	0.052613	0.41493	0.1082	0.057407	0.049299	0.078765	0.48713	0.053344	0.49312	0.40763	0.44525	0.07645	0.066259	0.048302	0.047304	0.067261	0.039197	0.50634	0.078256	0.11695	0.51934	0.088699	0.6243	0.57266	0.45526	0.11945	0.50036	0.50491	0.093679	0.57316	0.52349	0.14321	0.48876	0.062479	0.50504
cg15345074	0.057769	0.057253	0.062753	0.07803	0.068311	0.22025	0.43314	0.50565	0.31629	0.38831	0.12857	0.47028	0.091229	0.063121	0.32989	0.087492	0.29005	0.13253	0.084005	0.087563	0.4243	0.33157	0.064442	0.34259	0.4922	0.47284	0.094128	0.13124	0.070227	0.073155	0.078889	0.066915	0.46001	0.07511	0.10608	0.44881	0.076022	0.32915	0.38691	0.53771	0.18343	0.39266	0.38781	0.077928	0.42182	0.51534	0.11557	0.41773	0.14157	0.40872
cg15422579	0.088532	0.097789	0.11477	0.095645	0.082763	0.066698	0.43659	0.36482	0.32518	0.30321	0.065372	0.36462	0.069753	0.073425	0.33374	0.097033	0.22966	0.11142	0.10779	0.058016	0.076545	0.35899	0.11915	0.42362	0.37305	0.33928	0.11248	0.085607	0.038962	0.079846	0.083826	0.071299	0.43821	0.080956	0.096731	0.46271	0.077443	0.38622	0.30985	0.48238	0.1384	0.3285	0.35024	0.11999	0.35573	0.45309	0.12027	0.43703	0.11128	0.50088
cg15429127	0.032143	0.045601	0.053574	0.036553	0.029727	0.024548	0.46883	0.46343	0.47521	0.34146	0.026969	0.46209	0.022496	0.028078	0.376	0.025335	0.48322	0.052193	0.025047	0.026393	0.025361	0.56671	0.023682	0.46898	0.48713	0.43278	0.039001	0.042286	0.021808	0.016637	0.038527	0.030921	0.44218	0.050144	0.067592	0.45613	0.04842	0.6333	0.63497	0.5	0.055652	0.55372	0.56077	0.043392	0.53901	0.63524	0.060914	0.5104	0.033157	0.57329
cg15563434	0.43922	0.39497	0.42631	0.70572	0.30359	0.5537	0.61579	0.5244	0.2663	0.37537	0.49717	0.52945	0.42651	0.47677	0.42319	0.62899	0.49526	0.59734	0.49332	0.52473	0.59458	0.28029	0.46886	0.43642	0.50727	0.44583	0.48293	0.49338	0.4982	0.48404	0.55287	0.60708	0.42024	0.56301	0.44381	0.24362	0.61119	0.47253	0.16564	0.38401	0.41959	0.41736	0.50236	0.49352	0.39209	0.4104	0.71021	0.42189	0.54018	0.46845
cg15682806	0.61385	0.59795	0.63337	0.57868	0.52848	0.59985	0.37254	0.27795	0.31524	0.40522	0.58419	0.24691	0.6035	0.61429	0.55181	0.62184	0.188	0.65973	0.54971	0.64853	0.53598	0.383	0.56659	0.51785	0.3687	0.3237	0.57924	0.58011	0.6009	0.64889	0.68542	0.59848	0.31948	0.65627	0.63318	0.57911	0.5973	0.32693	0.44683	0.26638	0.70562	0.40053	0.39938	0.62275	0.43354	0.31124	0.64008	0.32566	0.64597	0.54452
cg15682993	0.083572	0.10885	0.080411	0.090104	0.084423	0.11834	0.15562	0.42608	0.50177	0.19662	0.092568	0.37643	0.062456	0.077511	0.39685	0.051542	0.27574	0.088778	0.057309	0.075779	0.085699	0.41874	0.061558	0.46885	0.35299	0.07352	0.07616	0.081467	0.054974	0.061919	0.072309	0.049289	0.37662	0.097823	0.087468	0.41318	0.091109	0.45421	0.37287	0.36161	0.10658	0.30133	0.35758	0.11958	0.36174	0.41939	0.076779	0.3796	0.077976	0.28163
cg15746461	0.034456	0.021896	0.053459	0.029007	0.061863	0.043233	0.48355	0.54074	0.26003	0.38444	0.029921	0.34754	0.040317	0.04944	0.3446	0.039601	0.48993	0.048686	0.051719	0.050923	0.042691	0.33923	0.032255	0.52278	0.47902	0.43023	0.06178	0.062353	0.013695	0.018496	0.035375	0.040647	0.39939	0.018158	0.02738	0.42632	0.035722	0.55797	0.40841	0.23395	0.048948	0.33445	0.27053	0.042289	0.45556	0.29823	0.034143	0.35157	0.053321	0.39194
cg15810474	0.73285	0.70877	0.72822	0.7197	0.72389	0.71749	0.41983	0.44358	0.47951	0.48786	0.7466	0.34875	0.74324	0.70583	0.4646	0.69901	0.37511	0.75811	0.71277	0.72196	0.69198	0.45675	0.71912	0.68549	0.44476	0.44087	0.70539	0.71301	0.73622	0.75304	0.8062	0.7056	0.39537	0.8116	0.8067	0.48357	0.80765	0.42316	0.5378	0.49024	0.79543	0.54374	0.53897	0.79316	0.60087	0.48701	0.77298	0.2508	0.80792	0.51461
cg15935877	0.8569	0.82001	0.8563	0.84775	0.83791	0.87998	0.29707	0.29632	0.31528	0.16186	0.87616	0.24026	0.84642	0.87313	0.40122	0.89373	0.32235	0.89904	0.86053	0.86822	0.84812	0.30289	0.85967	0.50851	0.32931	0.22369	0.84554	0.87476	0.86228	0.85384	0.88751	0.85805	0.14984	0.91357	0.91503	0.71649	0.86503	0.52285	0.36798	0.27211	0.90245	0.35367	0.51106	0.90044	0.522	0.2601	0.87475	0.4297	0.90284	0.43327
cg17834650	0.85495	0.82993	0.89696	0.83995	0.82147	0.92457	0.45216	0.39802	0.52092	0.34691	0.89784	0.63861	0.92553	0.92293	0.68931	0.90309	0.59324	0.92301	0.87666	0.89421	0.87699	0.59458	0.8821	0.72076	0.56116	0.44598	0.86629	0.90508	0.89216	0.88415	0.92223	0.90358	0.53658	0.93499	0.90147	0.88096	0.84047	0.53011	0.785	0.65733	0.95815	0.59399	0.6576	0.92297	0.56384	0.51362	0.87294	0.6927	0.92311	0.66817
cg17837162	0.77178	0.74476	0.76674	0.7877	0.63105	0.73466	0.44027	0.28735	0.27831	0.29534	0.86422	0.33406	0.81826	0.82949	0.52777	0.80945	0.58995	0.79383	0.73856	0.85314	0.85531	0.52048	0.77032	0.58552	0.24502	0.47064	0.74825	0.85793	0.84858	0.83698	0.82287	0.81793	0.44773	0.84294	0.83744	0.6018	0.83136	0.6051	0.51572	0.44287	0.67622	0.40079	0.33196	0.70643	0.3536	0.437	0.77193	0.36832	0.8163	0.6267
cg18032798	0.12882	0.13709	0.14288	0.14996	0.18463	0.15289	0.50152	0.34057	0.31957	0.36749	0.096183	0.34418	0.096779	0.078363	0.196	0.049599	0.33228	0.099373	0.10389	0.068923	0.099973	0.38238	0.10611	0.43596	0.46075	0.42933	0.094306	0.17324	0.073732	0.052948	0.099575	0.13064	0.41072	0.11022	0.12491	0.35511	0.08898	0.29582	0.25726	0.63394	0.14515	0.35722	0.24906	0.1441	0.31273	0.40201	0.18978	0.097887	0.18129	0.38981
cg18077436	0.10102	0.13046	0.096753	0.060813	0.2023	0.078053	0.37318	0.49197	0.42684	0.36681	0.040503	0.50332	0.44689	0.065895	0.44256	0.031995	0.56662	0.11964	0.074545	0.062507	0.090708	0.39968	0.089928	0.43322	0.50055	0.46576	0.55407	0.10366	0.072898	0.069779	0.067937	0.099325	0.45382	0.059717	0.11497	0.48246	0.12204	0.55577	0.54306	0.57656	0.14909	0.23626	0.53039	0.083999	0.46333	0.50546	0.17036	0.32756	0.12404	0.34533
cg18188392	0.05494	0.14598	0.14154	0.13193	0.11614	0.111	0.35768	0.36702	0.30466	0.19919	0.14046	0.26452	0.12588	0.14382	0.34871	0.20611	0.33097	0.10154	0.11353	0.13603	0.11508	0.3437	0.10063	0.35527	0.33822	0.2503	0.21164	0.19082	0.10466	0.13758	0.10469	0.11267	0.30334	0.13089	0.10789	0.23245	0.068527	0.27122	0.24603	0.2884	0.097978	0.25383	0.14279	0.02699	0.22694	0.34013	0.31459	0.25535	0.1513	0.30237
cg25032547	0.24002	0.29272	0.26756	0.32179	0.28955	0.2628	0.3743	0.41181	0.3927	0.35422	0.23639	0.45555	0.24273	0.27616	0.47004	0.34935	0.1925	0.26165	0.27893	0.35761	0.19527	0.36798	0.27807	0.39889	0.40523	0.43246	0.28057	0.32084	0.23007	0.28976	0.26004	0.26798	0.36695	0.35477	0.29711	0.43459	0.32118	0.34696	0.33494	0.42835	0.31412	0.43417	0.35644	0.25876	0.48106	0.4627	0.33466	0.39334	0.25697	0.48349
cg25071634	0.89497	0.87627	0.90873	0.89085	0.88443	0.91376	0.37086	0.52264	0.464	0.47843	0.93436	0.51093	0.90757	0.90059	0.55883	0.93192	0.5519	0.93855	0.89215	0.90931	0.88041	0.41924	0.90198	0.65761	0.44001	0.36689	0.88271	0.91433	0.91065	0.92044	0.94031	0.89659	0.60068	0.9371	0.94872	0.77526	0.92856	0.51026	0.48367	0.56425	0.95331	0.41756	0.5502	0.93872	0.62928	0.52806	0.89411	0.54124	0.9218	0.59303
cg25427172	0.90566	0.90154	0.9171	0.95192	0.92051	0.91983	0.3997	0.54256	0.67317	0.31856	0.96712	0.33669	0.93206	0.928	0.42541	0.96828	0.60176	0.9411	0.92887	0.96094	0.96262	0.47922	0.94952	0.41272	0.33805	0.35963	0.94207	0.95614	0.94831	0.94975	0.93201	0.94713	0.60862	0.92035	0.94623	0.29674	0.94177	0.52885	0.35448	0.43366	0.92211	0.30306	0.34263	0.94509	0.29959	0.32932	0.95279	0.20183	0.95903	0.37484
cg25518695	0.089462	0.085463	0.093441	0.084999	0.086826	0.10699	0.52277	0.51848	0.51523	0.42618	0.050362	0.27313	0.085094	0.065439	0.58966	0.044193	0.60949	0.10319	0.078109	0.079689	0.086479	0.55074	0.06591	0.38665	0.4374	0.41651	0.070759	0.12027	0.083219	0.086935	0.079227	0.081242	0.3706	0.1151	0.13982	0.51401	0.072082	0.50589	0.45896	0.45169	0.11327	0.49957	0.53558	0.14273	0.41488	0.49668	0.085362	0.51463	0.066602	0.41922
cg25705492	0.66587	0.68526	0.68968	0.69055	0.70378	0.76987	0.50885	0.43762	0.56907	0.41992	0.67958	0.56743	0.70606	0.71866	0.65956	0.68606	0.74286	0.7247	0.66276	0.69399	0.58657	0.41227	0.63684	0.76952	0.5648	0.33361	0.65074	0.66248	0.66359	0.67519	0.7688	0.67542	0.43213	0.77619	0.77739	0.81489	0.75269	0.53257	0.47596	0.41606	0.79	0.34557	0.37335	0.7791	0.56873	0.37541	0.73874	0.2738	0.80332	0.62677
cg25756647	0.30696	0.32114	0.35323	0.34833	0.3378	0.30883	0.45166	0.3789	0.25047	0.32557	0.27427	0.30491	0.24398	0.25674	0.3397	0.33495	0.41415	0.33868	0.30214	0.26914	0.56305	0.40815	0.32152	0.36747	0.32692	0.37294	0.33089	0.28348	0.26643	0.22402	0.24225	0.24471	0.30888	0.34896	0.34534	0.54826	0.26294	0.61551	0.64799	0.47399	0.68643	0.37402	0.44501	0.47166	0.5716	0.61965	0.39491	0.38618	0.3703	0.41451
cg26058907	0.84089	0.84753	0.78602	0.82778	0.74207	0.78118	0.43034	0.47352	0.63214	0.59004	0.9576	0.49597	0.89441	0.93973	0.46563	0.95073	0.50427	0.90871	0.93872	0.91548	0.62128	0.60355	0.93975	0.58537	0.52537	0.42424	0.91246	0.89367	0.92871	0.90174	0.92238	0.93141	0.45648	0.90935	0.91837	0.42857	0.90952	0.54034	0.57911	0.51327	0.88484	0.48862	0.65717	0.92799	0.50416	0.5566	0.89233	0.54426	0.94137	0.55053
cg26517491	0.13392	0.1134	0.12439	0.13711	0.13242	0.090593	0.4544	0.40479	0.2398	0.44275	0.061344	0.43295	0.070883	0.081619	0.30066	0.045057	0.52147	0.11883	0.10962	0.057849	0.10107	0.32512	0.082757	0.42789	0.52767	0.4488	0.096559	0.087053	0.052257	0.049258	0.10176	0.068518	0.42927	0.091536	0.12982	0.41597	0.082646	0.41712	0.27349	0.64087	0.12247	0.55192	0.39579	0.12853	0.39142	0.28585	0.19526	0.37332	0.17689	0.51087
cg26520468	0.92181	0.91723	0.90787	0.90384	0.91587	0.88244	0.93182	0.9373	0.9737	0.94529	0.96957	0.93062	0.94293	0.95412	0.93498	0.96529	0.95415	0.94903	0.96577	0.94322	0.92255	0.93274	0.92738	0.95164	0.93996	0.96503	0.94945	0.93658	0.95578	0.93647	0.94789	0.92865	0.93515	0.94328	0.95099	0.93024	0.94819	0.92999	0.90672	0.93112	0.94614	0.9522	0.94183	0.94136	0.95451	0.94843	0.93266	0.94526	0.96562	0.9535
cg26983430	0.8832	0.83425	0.72022	0.86713	0.74132	0.7935	0.39855	0.3734	0.39804	0.36301	0.90735	0.27958	0.87673	0.90237	0.43428	0.90255	0.33842	0.86447	0.87277	0.90466	0.83197	0.47552	0.91088	0.38883	0.50338	0.26185	0.89297	0.88803	0.81231	0.88861	0.88372	0.81844	0.42314	0.8465	0.77778	0.32293	0.75827	0.26772	0.36525	0.43133	0.79803	0.32724	0.26359	0.81987	0.36592	0.23786	0.77991	0.44238	0.81093	0.48038
cg26983535	0.051504	0.088166	0.079597	0.066191	0.098575	0.073996	0.39016	0.41555	0.37537	0.39761	0.076456	0.43652	0.04944	0.041282	0.37528	0.14405	0.31706	0.094597	0.068056	0.052272	0.051493	0.46168	0.091364	0.45359	0.49123	0.44176	0.04306	0.085172	0.054825	0.054424	0.047609	0.054072	0.40085	0.050973	0.072748	0.48401	0.065719	0.3747	0.52237	0.45511	0.08805	0.44314	0.50405	0.053504	0.304	0.39008	0.076508	0.51522	0.089622	0.45133
cg27049643	0.068751	0.12218	0.083424	0.18592	0.19302	0.18177	0.2341	0.49573	0.38627	0.46916	0.075666	0.48353	0.074873	0.042544	0.28843	0.015006	0.33547	0.064601	0.015082	0.031539	0.090708	0.45904	0.038704	0.43283	0.37579	0.19769	0.039745	0.039591	0.035735	0.027825	0.056862	0.064789	0.46987	0.10312	0.084694	0.45749	0.10371	0.55486	0.49336	0.39725	0.23736	0.3736	0.47267	0.17438	0.66667	0.40086	0.33556	0.54125	0.23426	0.27229
cg27433982	0.078626	0.17176	0.12799	0.11869	0.19158	0.11898	0.44595	0.42322	0.35922	0.45065	0.069312	0.41891	0.10698	0.078273	0.62344	0.048681	0.41556	0.089292	0.094327	0.074262	0.085166	0.56194	0.07993	0.30517	0.57729	0.36505	0.12237	0.093093	0.086425	0.05132	0.072959	0.080501	0.35903	0.12385	0.13243	0.56991	0.080038	0.45489	0.58327	0.45076	0.057895	0.38135	0.39633	0.094296	0.37882	0.34015	0.15558	0.40337	0.12772	0.55548
cg27539833	0.90089	0.908	0.9103	0.91476	0.91471	0.90195	0.94452	0.94959	0.89462	0.83786	0.93059	0.89491	0.91123	0.87064	0.85416	0.90977	0.89113	0.91064	0.90943	0.88907	0.862	0.92952	0.908	0.85337	0.88401	0.88453	0.87792	0.86297	0.92359	0.91547	0.9312	0.89867	0.90331	0.95492	0.95591	0.91761	0.93217	0.91054	0.86667	0.94043	0.9118	0.93116	0.92286	0.90777	0.91997	0.92582	0.9159	0.94303	0.91109	0.93036
cg00008945	0.052461	0.056058	0.059563	0.053925	0.063885	0.048653	0.45606	0.48983	0.40663	0.34939	0.023152	0.3935	0.039209	0.026319	0.3771	0.01774	0.32052	0.04017	0.041103	0.02664	0.10967	0.3139	0.024166	0.3722	0.40436	0.32834	0.040736	0.040581	0.011977	0.023388	0.025066	0.029866	0.33804	0.037505	0.048328	0.34332	0.030263	0.26437	0.3362	0.4458	0.040233	0.35414	0.3673	0.0167	0.42845	0.30334	0.056929	0.39772	0.057743	0.42095
cg00011200	0.030169	0.038582	0.033663	0.038624	0.048997	0.022015	0.52401	0.55409	0.48465	0.45409	0.022219	0.49161	0.032964	0.020758	0.52435	0.018744	0.44052	0.035767	0.024388	0.018824	0.034689	0.47033	0.030406	0.49165	0.48672	0.47417	0.038722	0.047232	0.015027	0.023212	0.031387	0.028196	0.44939	0.03626	0.030411	0.45605	0.015334	0.44678	0.43813	0.50661	0.011129	0.5208	0.42552	0.015728	0.4656	0.50479	0.01888	0.46564	0.024312	0.48793
cg00011891	0.029999	0.041646	0.032973	0.038045	0.042722	0.040381	0.50214	0.54135	0.4935	0.43546	0.034344	0.48261	0.038782	0.023565	0.50835	0.022671	0.41402	0.033288	0.027117	0.025589	0.028814	0.43372	0.027526	0.46635	0.49895	0.4198	0.038566	0.035266	0.032114	0.029309	0.025334	0.033168	0.43648	0.035942	0.034237	0.47871	0.029738	0.53179	0.43203	0.52398	0.039026	0.45666	0.47973	0.035117	0.52821	0.45519	0.027804	0.42959	0.037818	0.54863
cg00014152	0.91681	0.86223	0.86952	0.90611	0.86046	0.83748	0.94216	0.95169	0.96887	0.96451	0.95389	0.96248	0.91951	0.92923	0.95431	0.95675	0.96368	0.92	0.91527	0.92357	0.94055	0.93635	0.93108	0.95159	0.95656	0.93497	0.93157	0.9185	0.93642	0.9533	0.92711	0.95338	0.95287	0.94912	0.96388	0.92854	0.93728	0.95205	0.93705	0.92847	0.91877	0.93284	0.96392	0.92638	0.97103	0.96803	0.93328	0.95943	0.93721	0.96345
cg00016522	0.037076	0.029927	0.062876	0.038944	0.039215	0.052448	0.49788	0.5572	0.42851	0.36193	0.02432	0.42822	0.044538	0.023113	0.46097	0.017809	0.3096	0.052373	0.027013	0.026301	0.027534	0.39161	0.020365	0.42144	0.40336	0.40238	0.063204	0.035025	0.024476	0.026758	0.029535	0.024857	0.41133	0.026916	0.051754	0.39652	0.044289	0.49811	0.43507	0.50302	0.048265	0.45534	0.36702	0.039252	0.51441	0.33721	0.032755	0.53727	0.032401	0.48502
